A: [1.020772,0.781164,0.033881,0.037070,0.710715,0.043908,0.212687,4.960911,0.307999]
B: [-0.099377,-2.317958,0.323333]
K: [-2.604201,-0.467615,-3.747308]
L: [0.002657,0.061971]
N: -1.607100
